TimeStamp;MouseX;MouseY;StartLocation;TargetLocation
248;161;854;(50, 800);(900, 20)
311;234;713;(50, 800);(900, 20)
373;361;521;(50, 800);(900, 20)
430;415;462;(50, 800);(900, 20)
662;415;462;(50, 800);(900, 20)
724;440;409;(50, 800);(900, 20)
780;546;277;(50, 800);(900, 20)
839;623;234;(50, 800);(900, 20)
1079;625;231;(50, 800);(900, 20)
1139;695;189;(50, 800);(900, 20)
1200;800;134;(50, 800);(900, 20)
1263;861;103;(50, 800);(900, 20)
1514;867;97;(50, 800);(900, 20)
1574;895;71;(50, 800);(900, 20)
1635;905;57;(50, 800);(900, 20)
1696;907;44;(50, 800);(900, 20)
1758;906;27;(50, 800);(900, 20)
1819;905;25;(50, 800);(900, 20)
2300;870;46;(2000, 900);(180, 100)
2360;598;141;(2000, 900);(180, 100)
2418;336;185;(2000, 900);(180, 100)
2477;235;161;(2000, 900);(180, 100)
2760;235;160;(2000, 900);(180, 100)
2819;232;145;(2000, 900);(180, 100)
2879;219;134;(2000, 900);(180, 100)
2939;197;126;(2000, 900);(180, 100)
3000;184;121;(2000, 900);(180, 100)
3423;184;116;(2000, 900);(180, 100)
3485;184;96;(2000, 900);(180, 100)
3547;184;95;(2000, 900);(180, 100)
3791;194;95;(180, 100);(1900, 1000)
3851;415;174;(180, 100);(1900, 1000)
3911;817;409;(180, 100);(1900, 1000)
3972;857;436;(180, 100);(1900, 1000)
4209;927;454;(180, 100);(1900, 1000)
4268;1446;756;(180, 100);(1900, 1000)
4324;1684;924;(180, 100);(1900, 1000)
4382;1716;948;(180, 100);(1900, 1000)
4608;1725;944;(180, 100);(1900, 1000)
4664;1781;940;(180, 100);(1900, 1000)
4724;1845;963;(180, 100);(1900, 1000)
4785;1873;985;(180, 100);(1900, 1000)
4845;1878;993;(180, 100);(1900, 1000)
4903;1880;994;(180, 100);(1900, 1000)
4964;1887;996;(180, 100);(1900, 1000)
5025;1891;1000;(180, 100);(1900, 1000)
5085;1891;1001;(180, 100);(1900, 1000)
5328;1890;1001;(1900, 1000);(280, 100)
5388;1836;971;(1900, 1000);(280, 100)
5452;1515;751;(1900, 1000);(280, 100)
5516;1086;499;(1900, 1000);(280, 100)
5580;960;479;(1900, 1000);(280, 100)
5641;951;478;(1900, 1000);(280, 100)
5881;923;472;(1900, 1000);(280, 100)
5942;714;380;(1900, 1000);(280, 100)
6003;480;232;(1900, 1000);(280, 100)
6066;442;210;(1900, 1000);(280, 100)
6352;401;181;(1900, 1000);(280, 100)
6409;331;127;(1900, 1000);(280, 100)
6467;304;112;(1900, 1000);(280, 100)
6527;294;109;(1900, 1000);(280, 100)
6589;289;107;(1900, 1000);(280, 100)
6648;286;107;(1900, 1000);(280, 100)
6708;274;104;(1900, 1000);(280, 100)
6768;269;104;(1900, 1000);(280, 100)
7139;294;115;(280, 100);(1800, 1100)
7200;580;314;(280, 100);(1800, 1100)
7262;978;599;(280, 100);(1800, 1100)
7321;1022;630;(280, 100);(1800, 1100)
7620;1038;634;(280, 100);(1800, 1100)
7681;1302;775;(280, 100);(1800, 1100)
7743;1582;950;(280, 100);(1800, 1100)
8037;1605;957;(280, 100);(1800, 1100)
8095;1743;1038;(280, 100);(1800, 1100)
8153;1807;1082;(280, 100);(1800, 1100)
8212;1820;1094;(280, 100);(1800, 1100)
8441;1815;1094;(280, 100);(1800, 1100)
8501;1808;1098;(280, 100);(1800, 1100)
8560;1806;1101;(280, 100);(1800, 1100)
8921;1784;1089;(1800, 1100);(400, 100)
8981;1517;954;(1800, 1100);(400, 100)
9044;924;516;(1800, 1100);(400, 100)
9104;826;437;(1800, 1100);(400, 100)
9166;822;434;(1800, 1100);(400, 100)
9343;816;431;(1800, 1100);(400, 100)
9406;610;261;(1800, 1100);(400, 100)
9466;436;81;(1800, 1100);(400, 100)
9526;409;58;(1800, 1100);(400, 100)
9763;409;61;(1800, 1100);(400, 100)
9824;409;94;(1800, 1100);(400, 100)
9883;409;107;(1800, 1100);(400, 100)
9944;408;109;(1800, 1100);(400, 100)
