Time_Stamp;MouseX;MouseY;Target_LocationX;Target_LocationY;Intended_Direction;Target_Distance;Observed_Distance;Observed_Speed;Observed_Direction;Directional_Error;Distance_Of_Error;Recent_Average_Direction;Recent_Average_Speed
248;161;854;900;20;-0.845719046692549;1114.305613375433;0;0;0;0;679.5611616431542;0;0
311;234;713;900;20;-0.8052630996486133;961.1477513889319;158.7765725792064;2.5202630568128;-1.0930651419712303;0.28780204232261697;38.873536559494646;-1.0930651419712303;2.5202630568128
373;361;521;900;20;-0.7488759491823527;735.8817839843571;230.20208513391012;3.7129368569985504;-0.9864081653386507;0.23753221615629805;41.472291791140194;-1.0397366536549406;3.1165999569056755
430;415;462;900;20;-0.739045197890536;656.1928070315919;79.98124780221924;1.4031797860038464;-0.8296171077931012;0.09057190990256514;6.450764379976708;-0.9697451498288745;2.545459899938399
662;415;462;900;20;-0.739045197890536;656.1928070315919;0.0;0.0;0.0;0.739045197890536;0.0;-0.9697451498288745;1.9090949249537994
724;440;409;900;20;-0.7019645053549485;602.429248957917;58.60034129593445;0.9451667950957169;-1.1300454790154746;0.4280809736605261;22.33337495163125;-1.0099323153734954;1.7163092989821827
780;546;277;900;20;-0.6279559504787844;437.4528546026417;169.29264603047588;3.0230829648299262;-0.8942103682146934;0.26625441773590897;32.34570704146061;-0.9866863967792401;1.9341049099568066
839;623;234;900;20;-0.657785851380681;350.03571246374275;88.19297024139736;1.4947961057863959;-0.5093011440020119;0.14848470737866915;10.439982164817435;-0.9083834595130545;1.8713465093610337
1079;625;231;900;20;-0.6544643163976704;346.6208303030849;3.605551275463989;0.015023130314433288;-0.982793723247329;0.3283294068496586;1.1513110966976423;-0.9192027596289016;1.6393060869802085
1139;695;189;900;20;-0.6894371210361065;265.68025895801895;81.6333265278342;1.36055544213057;-0.5404195002705842;0.14901762076552239;9.289689823847132;-0.8718319719363697;1.6083337931080264
1200;800;134;900;20;-0.8507256330207998;151.6443206981389;118.53269591129698;1.9431589493655244;-0.4825132950224769;0.3682123379983229;24.352580900722288;-0.8284036503925488;1.6418163087337767
1263;861;103;900;20;-1.131534126966809;91.706052144883;68.42514157822401;1.0861133583845082;-0.47018346364673724;0.6613506633200719;25.41473351759542;-0.7921964574547607;1.5912978587020248
1514;867;97;900;20;-1.1659045405098132;83.773504164503;8.48528137423857;0.033805901889396694;-0.7853981633974483;0.3805063771123649;2.87876311132576;-0.7610517516032944;1.3652562991635335
1574;895;71;900;20;-1.473069419436178;51.24451190127583;38.2099463490856;0.6368324391514266;-0.7483780475235183;0.7246913719126596;15.494159077447321;-0.7368639040944842;1.0856104429956133
1635;905;57;900;20;-1.7051177687478651;37.33630940518894;17.204650534085253;0.2820434513784468;-0.9505468408120752;0.75457092793579;8.586285314760518;-0.7491201971606071;0.9836889580296677
1696;907;44;900;20;-1.8545904360032244;25.0;13.152946437965905;0.21562207275353942;-1.4181469983996315;0.43644343760359283;3.722917508838839;-0.8079534136429759;1.0032909646436259
1758;906;27;900;20;-2.279422598922567;9.219544457292887;17.029386365926403;0.27466752203107103;-1.6295521495106193;0.6498704494119476;3.8000000000000136;-0.8483651612287453;0.9423364852741126
1819;905;25;900;20;-2.356194490192345;7.0710678118654755;2.23606797749979;0.03665685209016049;-2.0344439357957027;0.32175055439664213;0.5423261445466281;-0.939271941617357;0.6708432022977703
2300;870;46;180;100;3.063490975869808;692.1098178757472;40.8166632639171;0.08485792778361144;2.601173153319209;0.46231782255059883;39.59797974644666;-1.0411667545834977;0.5426670042975171
2360;598;141;180;100;-3.043819284306655;420.0059523387734;288.11282512238154;4.801880418706359;2.8055730347645103;0.4337929881084204;73.48833766888093;-1.1554269940878752;0.9778358486967832
2418;336;185;180;100;-2.6426951681777355;177.65415840897168;265.6689669494727;4.580499430163322;2.975206353044684;0.6652837859571665;69.36568359988601;-1.4399104961830156;1.2705580294270336
2477;235;161;180;100;-2.304516405709915;82.13403679352427;103.81233067415451;1.7595310283755001;-2.908295702053166;0.6037792963432511;27.24957323461978;-1.818292784236648;1.253864582064304
2760;235;160;180;100;-2.312743594800814;81.39410298049853;1.0;0.0035335689045936395;-1.5707963267948966;0.7419472680059176;0.6696371217972223;-1.9467310860687053;1.15544823756613
2819;232;145;180;100;-2.4282345555791727;68.76772498781678;15.297058540778355;0.25927217865726027;-1.7681918866447774;0.6600426689343952;7.924407007158014;-2.0638384801709004;1.1759451718177538
2879;219;134;180;100;-2.4245808337828483;51.73973328110612;17.029386365926403;0.28382310609877337;-2.439335722080786;0.014754888297937807;0.18904217061570336;-2.2519588644368236;1.1438534142675127
2939;197;126;180;100;-2.1498705961626277;31.064449134018133;23.40939982143925;0.3901566636906542;-2.7928216500058864;0.6429510538432588;8.426792570251097;-2.441078309501829;1.153681888114077
3000;184;121;180;100;-1.7590178320996674;21.37755832643195;13.92838827718412;0.2283342340521987;-2.774418819771574;1.0154009876719066;8.144358166742563;-2.582562116176431;1.1548375391412278
3423;184;116;180;100;-1.8157749899217608;16.492422502470642;5.0;0.01182033096926714;-1.5707963267948966;0.24497866312686423;0.9355605394499932;-2.5786454514789745;1.130942339953791
3485;184;96;180;100;2.356194490192345;5.656854249492381;20.0;0.3225806451612903;-1.5707963267948966;2.356194490192345;4.850712500726673;-2.537691725119703;1.1569354120511663
3547;184;95;180;100;2.2455372690184494;6.4031242374328485;1.0;0.016129032258064516;-1.5707963267948966;2.4668517113662403;0.7071067811865476;-2.3284647096472466;1.1506873306397531
3791;194;95;1900;1000;0.4877337539208226;1931.1812447307996;10.0;0.040983606557377046;0.0;0.4877337539208226;7.808688094430276;-2.1061458203020713;0.7178785295353002
3851;415;174;1900;1000;0.5076129370420127;1699.2648410415604;234.6955474652214;3.9115924577536902;0.34331055548880807;0.16430238155320465;33.77777211640902;-1.8618634882379166;0.6570688047707882
3911;817;409;1900;1000;0.4995407833893183;1233.7625379302128;465.6490094481035;7.760816824135059;0.5290019485468554;0.02946116515753716;9.959012621968254;-1.5758427576961387;1.2026402407489298
3972;857;436;1900;1000;0.49571208735223143;1185.7255162979332;48.25971404805462;0.791142853246797;0.5937496667107711;0.09803757935853968;4.539771493950891;-1.3695186823193666;1.2742410847800392
4209;927;454;1900;1000;0.5113641701710316;1115.726220898299;72.27724399837061;0.3049672742547283;0.25168997175818675;0.2596741984128449;17.46272616671719;-0.9409310211756545;1.278395184379809
4268;1446;756;1900;1000;0.49315293281488515;515.4143963841134;600.4706487414685;10.177468622736754;0.5269955708780416;0.03384263806315646;9.385815089627895;-0.4067541151884322;2.177817504074171
4324;1684;924;1900;1000;0.3383236225092596;228.98034850178738;291.3211286535874;5.202163011671203;0.6146629519221655;0.27633932941290584;35.31139240130282;-0.11713171578568206;2.615272626617857
4382;1716;948;1900;1000;0.2754261036960354;191.2066944434739;40.0;0.6896551724137931;0.6435011087932844;0.368075005097249;12.018498609186421;0.04647037824911196;2.6572108937416385
4608;1725;944;1900;1000;0.3097029445424562;183.74166647769363;9.848857801796104;0.04357901682210665;-0.4182243295792291;0.7279272741216853;6.2968506594625575;0.11493815870472512;2.6600980470009876
4664;1781;940;1900;1000;0.46700330110295607;133.27040181525678;56.142675390472796;1.0025477748298715;-0.07130746478529032;0.5383107658882464;20.877137306608944;0.20306079408724526;2.7219132406072224
4724;1845;963;1900;1000;0.5921866795496423;66.2872536767062;68.00735254367721;1.1334558757279536;0.34500217720710513;0.2471845023425372;8.276406351119606;0.31068213399856426;2.823488408195394
4785;1873;985;1900;1000;0.507098504392337;30.886890422961002;35.608987629529715;0.5837538955660609;0.6659692373791098;0.1588707329867729;2.624939039541567;0.37331679412588625;2.8728311617416384
4845;1878;993;1900;1000;0.3080527810237764;23.08679276123039;9.433981132056603;0.15723301886761004;1.0121970114513341;0.7041442304275577;4.565043553079605;0.43437506730167963;2.5315257582065396
4903;1880;994;1900;1000;0.2914567944778671;20.8806130178211;2.23606797749979;0.03855289616378948;0.4636476090008061;0.172190814522939;0.3465184654595059;0.4280235214702518;1.8295017647546061
4964;1887;996;1900;1000;0.2984989315861793;13.601470508735444;7.280109889280518;0.11934606375869702;0.27829965900511133;0.020199272581067962;0.09578262852172312;0.3974471406625042;1.768429329346597
5025;1891;1000;1900;1000;0.0;9.0;5.656854249492381;0.09273531556544887;0.7853981633974483;0.7853981633974483;2.646772639538176;0.44867072625138993;1.7491355149202987
5085;1891;1001;1900;1000;-0.11065722117389565;9.055385138137417;1.0;0.016666666666666666;1.5707963267948966;1.6814535479687922;1;0.533623146669532;0.8254262461866546
5328;1890;1001;280;100;-2.6313880786387682;1844.9663953579209;1.0;0.00411522633744856;3.141592653589793;0.5102045749510253;0.11043152607519807;0.5881291958115948;0.3528764475199497
5388;1836;971;280;100;-2.6312804775983105;1783.1929228213082;61.773780845922005;1.0295630140987;-2.6344941491974563;0.003213671599145762;0.19187341346201495;0.5925007619883017;0.3837771604003958
5452;1515;751;280;100;-2.6564808630863683;1396.0752128735758;389.15421107833333;6.080534548098958;-2.540761103144226;0.11571975994214245;35.17790991495844;0.7841069328245911;0.9325912996073824
5516;1086;499;280;100;-2.6819231439421567;899.3536568002601;497.53894319942435;7.7740459874910055;-2.6104800200670826;0.07144312387507412;22.879139823888835;1.1309295758883098;1.5481820462129399
5580;960;479;280;100;-2.633121723359198;778.4863518392599;127.57742747053649;1.9933973042271327;-2.9841757808632026;0.35105405750400465;37.97616181549087;1.8686938323925741;1.6263585397128653
5641;951;478;280;100;-2.62856661110447;770.1460900374682;9.055385138137417;0.14844893669077733;-3.0309354324158977;0.4023688213114278;3.5080897610444173;2.6064307697733535;1.5867853616332939
5881;923;472;280;100;-2.6171034611194854;742.854629116626;28.635642126552707;0.11931517552730295;-2.930499320367047;0.3133958592475614;8.515267537982183;3.0421502393375683;1.5833382849659934
5942;714;380;280;100;-2.5686265107010873;516.4842688795081;228.3527972239447;3.7434884790810603;-2.7269254455127143;0.15829893481162705;25.027776998722977;-3.062818306141359;1.920150610685745
6003;480;232;280;100;-2.5582196465959375;239.63305281200255;276.87542325024083;4.538941364758046;-2.5776335120835308;0.019413865487593274;2.493783601181474;-2.9761620464333314;2.3219320016856857
6066;442;210;280;100;-2.545091671069968;195.816240388789;43.9089968002003;0.6969682031777825;-2.616796881939686;0.07170521086971826;2.5705969722100863;-2.877562928152508;2.376862264195898
6352;401;181;280;100;-2.551685290441026;145.60906565183365;50.21951811795888;0.17559272069216392;-2.5259727641606835;0.025712526280342374;0.9600837991105124;-2.755475911375501;2.391310087289125
6409;331;127;280;100;-2.654693421778524;57.706152185014034;88.40814442120137;1.5510200775649363;-2.48451771787814;0.17017570390038417;5.933696477840909;-2.6958483267974582;2.5319378010370786
6467;304;112;280;100;-2.677945044588987;26.832815729997478;30.886890422961002;0.5325325934993276;-2.6344941491974563;0.043450895391530686;0.6238502938920939;-2.6958483267974582;2.4867532173462266
6527;294;109;280;100;-2.5702551737561663;16.64331697709324;10.44030650891055;0.1740051084818425;-2.8501358591119264;0.27988068535576005;1.7888543819998572;-2.7243431031050034;1.9497959955628523
6589;289;107;280;100;-2.4805494847391065;11.40175425099138;5.385164807134504;0.0868574968892662;-2.761086276477428;0.2805367917383217;1.0214310058144171;-2.7382363496440605;1.2509606782354217
6648;286;107;280;100;-2.279422598922567;9.219544457292887;3.0;0.05084745762711865;3.141592653589793;0.8621700546672262;1.8418218405447364;-2.752071143379804;1.0743652376354205
6708;274;104;280;100;-0.5880026035475675;7.211102550927978;12.36931687685298;0.206155281280883;-2.896613990462929;2.3086113869153615;7.158705108015672;-2.739922928174331;1.0796112689617936
6768;269;104;280;100;-0.348771003583907;11.704699910719626;5.0;0.08333333333333333;3.141592653589793;2.792821650005886;2.7735009811261615;-2.7586840305975016;1.0763401923987055
7139;294;115;1800;1100;0.5792173795078962;1799.5168796096357;27.313000567495326;0.0736199476212812;0.4145068745847859;0.1647105049231103;18.881304235540444;-2.7659287863812865;0.7427157804478166
7200;580;314;1800;1100;0.5723311037510604;1451.2739231447658;348.4207226902556;5.711815126069764;0.607904434138597;0.03557333038753652;9.993793447439685;-2.827330944409038;0.8493406678397907
7262;978;599;1800;1100;0.5473675445283488;962.6447943036933;489.51915182145837;7.895470190668683;0.6214368518461011;0.0740693073177523;24.02854446970014;-2.9319465945771266;1.5037499394298732
7321;1022;630;1800;1100;0.5434383590242811;908.9466430984825;53.823786563191554;0.9122675688676535;0.6137700950165683;0.07033173599228726;3.5714107844802094;3.099052748093905;1.5707203801730996
7620;1038;634;1800;1100;0.5488678399729352;893.1965069345043;16.492422502470642;0.05515860368719278;0.24497866312686414;0.3038891768460711;4.849569590767214;2.525101243344948;1.4347329734569407
7681;1302;775;1800;1100;0.5782081406393681;594.6671337815803;299.2941696725815;4.906461797911172;0.49054694882690936;0.08766119181245874;17.44520928936213;1.3865010957958392;1.832362901130744
7743;1582;950;1800;1100;0.6026766026353507;264.6204829562519;330.1893396219811;5.3256345100319535;0.5585993153435624;0.04407728729178828;6.474210161098623;0.9052014149642542;2.300692846726209
8037;1605;957;1800;1100;0.6327488350021832;241.81397809059757;24.041630560342615;0.08177425360660753;0.29544083714372;0.33730799785846316;7.27079014634744;0.7014634472277633;2.300230733700513
8095;1743;1038;1800;1100;0.8273902706188179;84.21995013059554;160.01562423713506;2.7588900730540526;0.5307734972029068;0.2966167734159111;16.28938091628545;0.5864344704975188;2.5464164260120525
8153;1807;1082;1800;1100;1.941687615607559;19.313207915827967;77.6659513557904;1.3390681268239724;0.6022873461349642;1.3394002694725948;17.33556001560238;0.5511790108652226;2.6494085028796057
8212;1820;1094;1800;1100;2.8501358591119264;20.8806130178211;17.69180601295413;0.2998611188636294;0.7454194762741583;2.104716382837768;16.465415863896204;0.5208053794998102;2.669092847018724
8441;1815;1094;1800;1100;2.761086276477428;16.15549442140351;5.0;0.021834061135371178;3.141592653589793;0.3805063771123649;1.4367394278316834;0.5875830433150306;2.6643850391563686
8501;1808;1098;1800;1100;2.896613990462929;8.246211251235321;8.06225774829855;0.13437096247164249;2.62244653934327;0.2741674511196588;1.1141720290620578;0.702077851177863;2.157344660647448
8560;1806;1101;1800;1100;-2.976443976175166;6.082762530298219;3.605551275463989;0.061111038567186256;2.158798930342464;1.1479424006619556;2.425356250362999;0.8594931290350464;1.445130192274585
8921;1784;1089;400;100;-2.521138151550253;1701.0517334872563;25.059928172283335;0.06941808357973223;-2.642245931909663;0.12110778035941028;8.219949365268127;0.9793619943263939;1.3685075117938648
8981;1517;954;400;100;-2.4888457200726837;1406.060098288832;299.1889035375477;4.9864817256257945;-2.673460769714171;0.18461504964148734;45.39720837395591;1.3109940068960841;1.8168096137882832
9044;924;516;400;100;-2.4705865212650044;669.0530621707071;737.2197772713372;11.701901226529161;-2.5054164273556876;0.03482990609068315;12.215694066635804;1.8848145770601652;2.4345768345717365
9104;826;437;400;100;-2.4723145667415407;543.1804488381371;125.87692401707312;2.0979487336178853;-2.4631296441873287;0.009184922554211994;0.9386400504057334;2.671477032913135;2.14115085489773
9166;822;434;400;100;-2.4720751113361357;538.1821253070377;5.0;0.08064516129032258;-2.498091544796509;0.02601643346037319;0.12887061776563574;3.062955353459708;2.1410482101417045
9343;816;431;400;100;-2.4694956535015815;531.6173435846501;6.708203932499369;0.03789945724575915;-2.677945044588987;0.20844939108740546;1.3712830012312207;-3.036093437028251;1.8936854268864052
9406;610;261;400;100;-2.487509929175433;264.6148144001012;267.0880004792428;4.239492071099092;-2.451648204525059;0.03586172465037363;4.766586400122716;-2.902607550422327;2.157360330911416
9466;436;81;400;100;2.6559705602923245;40.70626487409524;250.3517525403008;4.172529209005013;-2.33924696038594;1.287967786501322;36.98205643620326;-2.795144006571698;2.509421066378815
9526;409;58;400;100;1.7818896600176433;42.95346318982906;35.4682957019364;0.59113826169894;-2.436024475904582;2.0652711712573613;32.94333204354963;-2.7225115280863545;2.561175993702775
9763;409;61;400;100;1.7975951748487824;40.024992192379;3.0;0.012658227848101266;1.5707963267948966;0.22679884805388584;0.6285872661926313;-2.7350580054406604;2.5501111996460897
9824;409;94;400;100;2.5535900500422257;10.816653826391969;33.0;0.5409836065573771;1.5707963267948966;0.9827937232473292;7.420363721058986;-2.726870369316764;2.5937359785542893
9883;409;107;400;100;-2.4805494847391065;11.40175425099138;13.0;0.22033898305084745;1.5707963267948966;2.231839495645583;10.816653826391969;-2.8783422389951183;2.60745606032439
